girth = 254.318, length = 127, size = 33, [2343,2343,2343,2343,2343,2343,2343,2343,2327,2327,2327,2327,2312,2312,2312,2297,2297,2297,2297,2297,2297,2312,2312,2312,2312,2312,2327,2327,2327,2327,2327,2327,2327,]
girth = 234.64, length = 130, size = 32, [2343,2359,2359,2359,2343,2343,2343,2327,2327,2327,2327,2327,2327,2327,2327,2327,2327,2327,2327,2327,2327,2327,2327,2327,2327,2327,2327,2327,2327,2327,2343,2359,]
girth = 219.099, length = 129, size = 33, [2327,2327,2327,2343,2327,2327,2327,2327,2327,2327,2327,2327,2327,2327,2327,2327,2327,2327,2327,2327,2312,2312,2312,2327,2327,2327,2327,2327,2327,2327,2327,2327,2327,]
girth = 132.808, length = 77, size = 20, [2281,2281,2281,2266,2266,2266,2266,2266,2266,2266,2266,2266,2266,2266,2281,2281,2266,2266,2252,2252,]
girth = 127.924, length = 74, size = 19, [2281,2281,2281,2281,2266,2266,2266,2252,2252,2252,2252,2252,2252,2252,2252,2266,2237,2237,2252,]
girth = 129.021, length = 75, size = 18, [2266,2266,2266,2266,2266,2252,2252,2252,2252,2237,2237,2237,2237,2223,2223,2223,2223,2223,]
girth = 257.111, length = 140, size = 36, [2359,2359,2359,2359,2359,2343,2327,2327,2327,2312,2312,2327,2327,2327,2327,2327,2312,2312,2312,2312,2312,2312,2312,2312,2312,2312,2312,2312,2312,2312,2327,2327,2327,2327,2327,2327,]
girth = 265.864, length = 128, size = 33, [2359,2359,2359,2359,2343,2343,2343,2327,2327,2327,2327,2327,2327,2312,2312,2312,2312,2312,2297,2297,2312,2312,2312,2312,2312,2312,2312,2312,2327,2327,2312,2327,2327,]
girth = 225.999, length = 126, size = 32, [2359,2359,2359,2359,2343,2327,2312,2312,2312,2312,2312,2312,2312,2312,2312,2312,2312,2312,2312,2312,2312,2327,2327,2327,2312,2312,2312,2327,2327,2327,2327,2312,]
girth = 141.386, length = 83, size = 21, [2281,2281,2281,2281,2281,2281,2281,2281,2266,2266,2281,2266,2266,2266,2266,2266,2266,2266,2266,2266,2266,]
girth = 164.989, length = 94, size = 19, [2297,2297,2281,2281,2266,2266,2266,2266,2252,2252,2252,2252,2252,2266,2266,2252,2252,2252,2252,]
girth = 186.879, length = 77, size = 21, [2266,2266,2266,2252,2252,2252,2237,2237,2237,2237,2237,2252,2252,2252,2252,2252,2252,2266,2266,2281,2297,]
girth = 735.617, length = 343, size = 91, [2281,2281,2281,2266,2252,2252,2252,2237,2237,2237,2237,2223,2223,2223,2208,2208,2208,2194,2194,2208,2208,2208,2208,2194,2194,2194,2194,2194,2194,2194,2194,2181,2181,2167,2167,2167,2167,2167,2167,2167,2167,2167,2167,2167,2167,2167,2167,2167,2167,2167,2167,2167,2167,2167,2167,2167,2167,2167,2167,2167,2167,2167,2181,2181,2181,2181,2181,2194,2194,2194,2194,2194,2194,2208,2208,2208,2208,2223,2223,2223,2237,2252,2252,2252,2281,2281,2281,2297,2297,2297,2297,]
girth = 744.61, length = 343, size = 87, [2297,2297,2297,2297,2281,2266,2266,2252,2237,2237,2237,2208,2208,2194,2194,2194,2194,2194,2194,2194,2194,2194,2194,2194,2194,2194,2181,2181,2181,2167,2167,2167,2167,2167,2167,2167,2167,2153,2153,2153,2153,2153,2153,2153,2153,2153,2167,2167,2167,2167,2167,2167,2167,2167,2153,2153,2153,2153,2153,2153,2153,2153,2153,2167,2167,2181,2181,2181,2194,2194,2194,2194,2194,2194,2208,2194,2194,2208,2208,2223,2237,2281,2281,2281,2281,2281,2281,]
girth = 739.568, length = 354, size = 88, [2312,2312,2297,2281,2266,2252,2237,2237,2208,2208,2194,2194,2194,2194,2194,2181,2181,2194,2194,2194,2194,2181,2181,2181,2181,2167,2167,2167,2167,2167,2167,2167,2167,2167,2167,2167,2167,2167,2167,2167,2167,2153,2153,2153,2153,2153,2153,2153,2153,2153,2153,2153,2153,2153,2153,2153,2153,2153,2153,2153,2153,2167,2167,2167,2167,2167,2167,2181,2181,2181,2194,2194,2181,2181,2194,2194,2194,2194,2194,2208,2208,2223,2237,2237,2252,2252,2252,2252,]
girth = 694.785, length = 362, size = 92, [2266,2266,2266,2252,2237,2237,2208,2208,2194,2194,2194,2194,2194,2194,2181,2181,2181,2181,2194,2194,2194,2194,2194,2181,2181,2181,2181,2181,2181,2181,2181,2167,2167,2167,2167,2167,2167,2153,2153,2153,2153,2153,2153,2153,2153,2140,2140,2140,2140,2153,2153,2153,2153,2153,2153,2153,2153,2153,2153,2153,2153,2153,2153,2153,2153,2167,2167,2167,2167,2167,2167,2167,2181,2181,2181,2181,2194,2194,2194,2194,2194,2194,2194,2208,2208,2208,2208,2208,2208,2208,2208,2208,]
